1. 3               2.3               3.4               4.3               5.2               6.3                7.4

 8. 1               9.1               10.2             11.4            12.3              13.2               14.1

15. 1            16.1              17.3            18.2            19.1               20.1               21.2

22. 3            23.4              24.1            25.4            26.1               27.2               28.4

29. 1            30.2              31.1            32.4            33.1               34.3               35.3

36. 1            37.4              38.3            39.2            40.2               41.1               42.3

43. 2            44.4               45. 4            46.1            47.3               48.3               49.2

50. 1
